# relative_time, cycles_done, cur_item, corpus_count, pending_total, pending_favs, map_size, saved_crashes, saved_hangs, max_depth, execs_per_sec, total_execs, edges_found
60, 1, 6, 7, 0, 0, 30.77%, 1, 0, 2, 99.52, 4966, 4
65, 1, 6, 7, 0, 0, 30.77%, 1, 0, 2, 77.74, 5298, 4
70, 1, 6, 7, 0, 0, 30.77%, 1, 0, 2, 65.10, 5630, 4
75, 1, 6, 7, 0, 0, 30.77%, 1, 0, 2, 64.97, 5977, 4
80, 1, 6, 7, 0, 0, 30.77%, 1, 0, 2, 76.08, 6349, 4
85, 1, 6, 7, 0, 0, 30.77%, 1, 0, 2, 68.76, 6684, 4
90, 1, 6, 7, 0, 0, 30.77%, 1, 0, 2, 78.78, 7139, 4
95, 1, 6, 7, 0, 0, 30.77%, 1, 0, 2, 84.72, 7620, 4
100, 1, 6, 7, 0, 0, 30.77%, 1, 0, 2, 72.55, 8009, 4
105, 1, 6, 7, 0, 0, 30.77%, 1, 0, 2, 85.13, 8465, 4
111, 2, 6, 7, 0, 0, 30.77%, 1, 0, 2, 81.49, 8873, 4
116, 2, 6, 7, 0, 0, 30.77%, 1, 0, 2, 75.31, 9226, 4
121, 2, 6, 7, 0, 0, 30.77%, 1, 0, 2, 66.48, 9567, 4
126, 2, 6, 7, 0, 0, 30.77%, 1, 0, 2, 87.33, 10065, 4
131, 2, 6, 7, 0, 0, 30.77%, 1, 0, 2, 79.66, 10474, 4
136, 2, 6, 7, 0, 0, 30.77%, 1, 0, 2, 77.88, 10848, 4
141, 2, 6, 7, 0, 0, 30.77%, 1, 0, 2, 86.17, 11236, 4
146, 2, 6, 7, 0, 0, 30.77%, 1, 0, 2, 76.64, 11594, 4
151, 2, 6, 7, 0, 0, 30.77%, 1, 0, 2, 77.84, 12046, 4
156, 2, 6, 7, 0, 0, 30.77%, 1, 0, 2, 69.28, 12427, 4
161, 2, 6, 7, 0, 0, 30.77%, 1, 0, 2, 89.25, 12897, 4
166, 3, 6, 7, 0, 0, 30.77%, 1, 0, 2, 87.18, 13356, 4
171, 3, 6, 7, 0, 0, 30.77%, 1, 0, 2, 82.56, 13776, 4
176, 3, 6, 7, 0, 0, 30.77%, 1, 0, 2, 94.98, 14190, 4
182, 3, 6, 7, 0, 0, 30.77%, 1, 0, 2, 91.88, 14602, 4
187, 3, 6, 7, 0, 0, 30.77%, 1, 0, 2, 86.90, 15026, 4
192, 3, 6, 7, 0, 0, 30.77%, 1, 0, 2, 73.07, 15389, 4
197, 3, 6, 7, 0, 0, 30.77%, 1, 0, 2, 68.71, 15741, 4
202, 3, 6, 7, 0, 0, 30.77%, 1, 0, 2, 86.49, 16193, 4
207, 3, 6, 7, 0, 0, 30.77%, 1, 0, 2, 88.49, 16587, 4
209, 3, 6, 7, 0, 0, 30.77%, 1, 0, 2, 76.24, 16750, 4
